#1
double Speeds(210,4)
0    0.0190    0.0040    0.0160
    0.0022   -0.0170   -0.0560   -0.0360
    0.0044   -0.0640   -0.1190   -0.0930
    0.0067   -0.1140   -0.1830   -0.1580
    0.0089   -0.1680   -0.2470   -0.2200
    0.0111   -0.2220   -0.3020   -0.2810
    0.0133   -0.2750   -0.3520   -0.3340
    0.0156   -0.3320   -0.3910   -0.3830
    0.0178   -0.3860   -0.4210   -0.4230
    0.0200   -0.4460   -0.4460   -0.4560
    0.0222   -0.5090   -0.4600   -0.4840
    0.0244   -0.5780   -0.4650   -0.4990
    0.0267   -0.6430   -0.4580   -0.5080
    0.0289   -0.7140   -0.4680   -0.5050
    0.0311   -0.7860   -0.4510   -0.5210
    0.0333   -0.8510   -0.4090   -0.5080
    0.0356   -0.9010   -0.3630   -0.4730
    0.0378   -0.9480   -0.3070   -0.4400
    0.0400   -1.0070   -0.2620   -0.4170
    0.0422   -1.0800   -0.2180   -0.3920
    0.0444   -1.1440   -0.1690   -0.3690
    0.0467   -1.2040   -0.1160   -0.3280
    0.0489   -1.2570   -0.0600   -0.2850
    0.0511   -1.2990   -0.0050   -0.2480
    0.0533   -1.3260    0.0430   -0.2120
    0.0556   -1.3590    0.0920   -0.1790
    0.0578   -1.3930    0.1340   -0.1490
    0.0600   -1.4170    0.1720   -0.1210
    0.0622   -1.4310    0.2140   -0.0920
    0.0644   -1.4470    0.2510   -0.0640
    0.0667   -1.4580    0.2860   -0.0360
    0.0689   -1.4620    0.3140   -0.0100
    0.0711   -1.4650    0.3470    0.0140
    0.0733   -1.4700    0.3810    0.0390
    0.0756   -1.4610    0.4090    0.0660
    0.0778   -1.4510    0.4410    0.0960
    0.0800   -1.4410    0.4720    0.1220
    0.0822   -1.4200    0.5000    0.1500
    0.0844   -1.3940    0.5270    0.1770
    0.0867   -1.3650    0.5580    0.2080
    0.0889   -1.3370    0.5840    0.2380
    0.0911   -1.3080    0.6150    0.2700
    0.0933   -1.2800    0.6490    0.3020
    0.0956   -1.2580    0.6830    0.3340
    0.0978   -1.2280    0.7120    0.3680
    0.1000   -1.2020    0.7460    0.4000
    0.1022   -1.1770    0.7780    0.4330
    0.1044   -1.1520    0.8090    0.4660
    0.1067   -1.1240    0.8400    0.4960
    0.1089   -1.1040    0.8710    0.5300
    0.1111   -1.0850    0.9040    0.5590
    0.1133   -1.0700    0.9340    0.5830
    0.1156   -1.0550    0.9620    0.6100
    0.1178   -1.0320    0.9820    0.6320
    0.1200   -1.0240    0.9970    0.6530
    0.1222   -1.0140    1.0170    0.6710
    0.1244   -0.9950    1.0400    0.6870
    0.1267   -0.9780    1.0580    0.7120
    0.1289   -0.9550    1.0750    0.7310
    0.1311   -0.9300    1.0880    0.7470
    0.1333   -0.8900    1.0990    0.7590
    0.1356   -0.8340    1.1060    0.7780
    0.1378   -0.7590    1.1090    0.7960
    0.1400   -0.7090    1.1330    0.8140
    0.1422   -0.6360    1.1290    0.8380
    0.1444   -0.5330    1.1160    0.8520
    0.1467   -0.4400    1.1100    0.8570
    0.1489   -0.3650    1.0980    0.8640
    0.1511   -0.2740    1.0860    0.8670
    0.1533   -0.1700    1.0550    0.8660
    0.1556   -0.0700    1.0240    0.8590
    0.1578    0.0050    1.0030    0.8460
    0.1600    0.0710    0.9710    0.8320
    0.1622    0.1420    0.9320    0.8160
    0.1644    0.2070    0.8920    0.7870
    0.1667    0.2480    0.8530    0.7600
    0.1689    0.2740    0.8100    0.7270
    0.1711    0.2960    0.7640    0.6950
    0.1733    0.3080    0.7170    0.6580
    0.1756    0.3180    0.6720    0.6220
    0.1778    0.3250    0.6270    0.5850
    0.1800    0.3260    0.5710    0.5420
    0.1822    0.3200    0.5160    0.4960
    0.1844    0.3120    0.4600    0.4500
    0.1867    0.2980    0.4080    0.4050
    0.1889    0.2670    0.3610    0.3600
    0.1911    0.2520    0.3180    0.3210
    0.1933    0.2410    0.2810    0.2840
    0.1956    0.2190    0.2420    0.2460
    0.1978    0.1830    0.1920    0.1980
    0.2000    0.1380    0.1400    0.1470
    0.2022    0.0870    0.0850    0.0900
    0.2044    0.0360    0.0340    0.0390
    0.2067   -0.0140   -0.0090   -0.0110
    0.2089   -0.0020         0         0
    0.2111   -0.0400   -0.0470   -0.0490
    0.2133   -0.1060   -0.1020   -0.1110
    0.2156   -0.1850   -0.1640   -0.1760
    0.2178   -0.2460   -0.2230   -0.2350
    0.2200   -0.2990   -0.2800   -0.2840
    0.2222   -0.3510   -0.3310   -0.3350
    0.2244   -0.3980   -0.3820   -0.3850
    0.2267   -0.4260   -0.4370   -0.4350
    0.2289   -0.4390   -0.4940   -0.4840
    0.2311   -0.4390   -0.5500   -0.5230
    0.2333   -0.4220   -0.6090   -0.5630
    0.2356   -0.4250   -0.6740   -0.6100
    0.2378   -0.4090   -0.7280   -0.6500
    0.2400   -0.3540   -0.7660   -0.6710
    0.2422   -0.2920   -0.7980   -0.6880
    0.2444   -0.2340   -0.8330   -0.7200
    0.2467   -0.1700   -0.8760   -0.7530
    0.2489   -0.1020   -0.9220   -0.7790
    0.2511   -0.0220   -0.9600   -0.8040
    0.2533    0.0530   -0.9880   -0.8220
    0.2556    0.1290   -1.0090   -0.8300
    0.2578    0.2050   -1.0320   -0.8290
    0.2600    0.2750   -1.0530   -0.8290
    0.2622    0.3400   -1.0740   -0.8250
    0.2644    0.4010   -1.0880   -0.8250
    0.2667    0.4590   -1.1010   -0.8270
    0.2689    0.5130   -1.1090   -0.8210
    0.2711    0.5680   -1.1150   -0.8150
    0.2733    0.6210   -1.1130   -0.8100
    0.2756    0.6780   -1.1100   -0.8060
    0.2778    0.7320   -1.1050   -0.7970
    0.2800    0.7790   -1.1040   -0.7780
    0.2822    0.8240   -1.0990   -0.7580
    0.2844    0.8720   -1.0980   -0.7480
    0.2867    0.9120   -1.0820   -0.7340
    0.2889    0.9530   -1.0630   -0.7100
    0.2911    0.9970   -1.0410   -0.6830
    0.2933    1.0450   -1.0160   -0.6620
    0.2956    1.0840   -0.9860   -0.6400
    0.2978    1.1220   -0.9570   -0.6110
    0.3000    1.1560   -0.9290   -0.5840
    0.3022    1.1850   -0.8990   -0.5510
    0.3044    1.2170   -0.8720   -0.5140
    0.3067    1.2600   -0.8410   -0.4830
    0.3089    1.2860   -0.8150   -0.4640
    0.3111    1.3070   -0.7930   -0.4300
    0.3133    1.3320   -0.7700   -0.3950
    0.3156    1.3690   -0.7370   -0.3620
    0.3178    1.3920   -0.7080   -0.3360
    0.3200    1.4090   -0.6930   -0.3080
    0.3222    1.4310   -0.6670   -0.2870
    0.3244    1.4550   -0.6440   -0.2710
    0.3267    1.4720   -0.6230   -0.2470
    0.3289    1.4810   -0.6020   -0.2240
    0.3311    1.4870   -0.5900   -0.2220
    0.3333    1.4720   -0.5780   -0.2150
    0.3356    1.4610   -0.5550   -0.2000
    0.3378    1.4550   -0.5350   -0.1840
    0.3400    1.4420   -0.5130   -0.1680
    0.3422    1.4080   -0.4900   -0.1630
    0.3444    1.3690   -0.4660   -0.1500
    0.3467    1.3470   -0.4440   -0.1360
    0.3489    1.2860   -0.4200   -0.1270
    0.3511    1.2070   -0.4130   -0.1180
    0.3533    1.1400   -0.3880   -0.1300
    0.3556    1.0710   -0.3500   -0.1150
    0.3578    1.0120   -0.3080   -0.0830
    0.3600    0.9440   -0.2720   -0.0640
    0.3622    0.8740   -0.2550   -0.0660
    0.3644    0.7940   -0.2240   -0.0610
    0.3667    0.7050   -0.2050   -0.0540
    0.3689    0.6310   -0.1920   -0.0410
    0.3711    0.5740   -0.1780   -0.0390
    0.3733    0.5230   -0.1540   -0.0370
    0.3756    0.4710   -0.1410   -0.0340
    0.3778    0.4260   -0.1240   -0.0310
    0.3800    0.3860   -0.1080   -0.0190
    0.3822    0.3540   -0.0850   -0.0090
    0.3844    0.3140   -0.0630   -0.0040
    0.3867    0.2780   -0.0330    0.0060
    0.3889    0.2480   -0.0120    0.0310
    0.3911    0.2250    0.0140    0.0570
    0.3933    0.2180    0.0680    0.0790
    0.3956    0.2260    0.1300    0.1310
    0.3978    0.2380    0.1830    0.1870
    0.4000    0.2530    0.2380    0.2330
    0.4022    0.2590    0.2850    0.2730
    0.4044    0.2620    0.3350    0.3150
    0.4067    0.2770    0.3800    0.3580
    0.4089    0.3030    0.4250    0.4050
    0.4111    0.3330    0.4670    0.4440
    0.4133    0.3580    0.4980    0.4770
    0.4156    0.3760    0.5220    0.5020
    0.4178    0.3820    0.5420    0.5230
    0.4200    0.3930    0.5580    0.5390
    0.4222    0.4030    0.5700    0.5470
    0.4244    0.4090    0.5700    0.5470
    0.4267    0.4080    0.5690    0.5390
    0.4289    0.4000    0.5550    0.5370
    0.4311    0.3870    0.5340    0.5160
    0.4333    0.3710    0.5050    0.4920
    0.4356    0.3510    0.4800    0.4700
    0.4378    0.3320    0.4540    0.4430
    0.4400    0.3110    0.4250    0.4170
    0.4422    0.2910    0.4000    0.3860
    0.4444    0.2690    0.3680    0.3550
    0.4467    0.2460    0.3400    0.3230
    0.4489    0.2260    0.3070    0.2910
    0.4511    0.2030    0.2620    0.2490
    0.4533    0.1680    0.2150    0.2040
    0.4556    0.1310    0.1610    0.1570
    0.4578    0.0950    0.1120    0.1140
    0.4600    0.0580    0.0610    0.0660
0.461 0 0 0
0.462 0 0 0
