#1
double Torque(210,4)
         0  -31.6000  -89.0000  -42.0000
    0.0022  -32.6000 -107.5000  -66.9000
    0.0044  -39.8000 -110.5000  -85.2000
    0.0067  -40.7000 -107.9000  -92.5000
    0.0089  -39.7000  -95.0000  -92.3000
    0.0111  -35.6000  -78.4000  -87.7000
    0.0133  -37.0000  -62.7000  -83.9000
    0.0156  -44.1000  -49.5000  -72.4000
    0.0178  -66.0000  -46.3000  -59.0000
    0.0200  -93.0000  -36.9000  -48.4000
    0.0222 -123.8000  -20.5000  -29.3000
    0.0244 -141.6000  -10.5000  -12.9000
    0.0267 -163.1000   -2.9000   -2.9000
    0.0289 -169.7000   44.2000   -6.7000
    0.0311 -168.8000  110.6000   20.5000
    0.0333 -176.1000  138.3000   72.6000
    0.0356 -196.1000  127.6000   67.7000
    0.0378 -250.6000  106.5000   41.5000
    0.0400 -290.0000   96.1000   39.4000
    0.0422 -279.9000   98.1000   47.6000
    0.0444 -257.3000   95.0000   68.0000
    0.0467 -217.1000   97.8000   71.5000
    0.0489 -168.1000   82.4000   53.3000
    0.0511 -124.4000   59.3000   36.6000
    0.0533 -109.3000   52.1000   26.1000
    0.0556 -101.0000   42.9000   12.2000
    0.0578  -68.5000   35.5000    6.4000
    0.0600  -44.9000   36.6000    5.8000
    0.0622  -52.9000   35.1000    6.3000
    0.0644  -57.6000   32.2000    4.8000
    0.0667  -59.4000   36.5000    6.0000
    0.0689  -63.1000   49.8000    6.7000
    0.0711  -70.3000   55.3000    9.5000
    0.0733  -54.2000   59.3000   11.0000
    0.0756  -49.0000   55.5000   13.8000
    0.0778  -43.7000   43.4000   14.9000
    0.0800  -26.8000   27.8000   13.3000
    0.0822   -8.0000   16.2000   12.4000
    0.0844   -2.3000   15.1000   13.3000
    0.0867    0.9000   12.2000   14.2000
    0.0889    0.7000   12.7000   14.9000
    0.0911    2.9000   12.8000   14.7000
    0.0933    2.8000   11.1000   15.4000
    0.0956   14.8000    5.3000   15.5000
    0.0978   13.5000    1.9000   15.5000
    0.1000   20.6000    2.1000   15.6000
    0.1022   26.6000   -0.4000   17.7000
    0.1044   23.8000    4.1000   18.2000
    0.1067   11.6000   12.2000   17.3000
    0.1089    3.0000   18.3000   15.8000
    0.1111   -2.8000   18.3000   19.8000
    0.1133   -7.1000   18.0000   19.5000
    0.1156   -7.3000   17.6000   24.2000
    0.1178  -53.2000   23.6000   26.3000
    0.1200  -64.5000   50.6000   26.0000
    0.1222  -72.2000   68.1000   35.5000
    0.1244  -83.2000   69.4000   50.6000
    0.1267  -88.8000   63.2000   35.1000
    0.1289  -88.5000   49.0000   25.0000
    0.1311  -69.9000   36.9000   19.3000
    0.1333  -40.7000   19.6000   19.6000
    0.1356    0.5000   10.8000   15.7000
    0.1378   10.7000    3.4000   14.2000
    0.1400   46.9000  -40.4000   10.9000
    0.1422  136.4000  -80.8000  -18.3000
    0.1444  145.9000  -95.4000  -38.6000
    0.1467  144.6000 -107.4000  -44.3000
    0.1489  199.6000 -120.2000  -49.0000
    0.1511  247.0000 -140.1000  -56.7000
    0.1533  253.2000 -128.9000  -67.6000
    0.1556  216.2000 -106.6000  -69.1000
    0.1578  188.6000  -98.1000  -57.1000
    0.1600  185.4000  -97.6000  -54.3000
    0.1622  153.2000  -76.0000  -56.3000
    0.1644   89.5000  -56.8000  -44.1000
    0.1667   44.1000  -46.2000  -30.7000
    0.1689   23.8000  -43.3000  -23.6000
    0.1711    8.3000  -40.6000  -16.4000
    0.1733    7.0000  -36.1000  -14.1000
    0.1756    5.3000  -54.5000  -20.2000
    0.1778    3.6000  -81.8000  -32.1000
    0.1800    0.4000  -97.1000  -45.8000
    0.1822    0.4000 -103.2000  -53.1000
    0.1844    0.1000  -88.1000  -55.1000
    0.1867   -0.1000  -71.0000  -48.9000
    0.1889   27.2000  -54.9000  -39.0000
    0.1911   50.4000  -46.2000  -35.0000
    0.1933   32.9000  -58.6000  -49.1000
    0.1956    6.9000  -77.4000  -69.7000
    0.1978   -3.3000  -84.4000  -81.0000
    0.2000  -11.6000  -77.2000  -80.4000
    0.2022  -14.6000  -63.8000  -67.3000
    0.2044  -15.1000  -46.2000  -55.7000
    0.2067  -24.4000  -49.2000  -56.3000
    0.2089  -25.1000  -23.2000  -68.7000
    0.2111 -120.0000  -40.2000  -83.3000
    0.2133 -155.2000  -43.3000  -76.9000
    0.2156 -149.1000  -39.0000  -55.6000
    0.2178 -145.0000  -31.9000  -28.8000
    0.2200 -148.4000  -28.4000  -20.4000
    0.2222 -131.8000  -40.4000  -22.1000
    0.2244  -90.7000  -65.3000  -22.1000
    0.2267  -48.7000  -93.1000  -22.8000
    0.2289  -20.3000 -123.1000  -27.3000
    0.2311    0.6000 -140.9000  -45.6000
    0.2333    2.9000 -157.5000  -75.5000
    0.2356   32.2000 -142.9000  -75.1000
    0.2378  146.6000 -116.7000  -69.0000
    0.2400  178.5000 -114.2000  -90.2000
    0.2422  179.0000 -135.6000 -132.4000
    0.2444  200.6000 -164.9000 -167.5000
    0.2467  212.4000 -170.5000 -166.7000
    0.2489  222.6000 -154.8000 -158.7000
    0.2511  210.3000 -123.3000 -121.3000
    0.2533  183.8000 -106.1000  -82.5000
    0.2556  158.0000 -100.4000  -62.6000
    0.2578  125.5000 -103.2000  -46.3000
    0.2600   85.3000  -88.1000  -31.0000
    0.2622   56.3000  -70.7000  -22.6000
    0.2644   39.1000  -60.4000  -15.9000
    0.2667   33.7000  -58.0000  -11.5000
    0.2689   36.5000  -43.0000  -10.3000
    0.2711   49.3000  -38.1000   -8.8000
    0.2733   65.2000  -44.8000   -6.6000
    0.2756   68.3000  -54.0000   -4.8000
    0.2778   67.1000  -73.0000   -7.3000
    0.2800   76.6000  -79.0000  -23.9000
    0.2822   79.4000  -71.4000  -50.9000
    0.2844   73.8000  -57.1000  -47.4000
    0.2867   81.1000  -43.3000  -44.6000
    0.2889   94.7000  -20.5000  -49.3000
    0.2911   91.6000   -4.8000  -61.4000
    0.2933   70.2000    2.8000  -54.6000
    0.2956   53.2000    1.2000  -40.0000
    0.2978   31.8000    2.0000  -24.8000
    0.3000   17.3000    1.7000   -6.7000
    0.3022   14.6000    1.7000    3.3000
    0.3044   13.7000    2.3000    5.9000
    0.3067  -14.6000    0.9000    6.3000
    0.3089  -20.8000    2.2000   39.5000
    0.3111   -5.9000    7.7000   52.1000
    0.3133    1.5000   22.9000   53.9000
    0.3156  -15.1000   11.0000   44.6000
    0.3178  -20.5000   -3.3000   33.5000
    0.3200    0.5000   -0.6000   13.7000
    0.3222   18.6000   -5.8000    1.1000
    0.3244   17.1000  -13.1000   -1.2000
    0.3267   15.4000  -25.3000  -15.9000
    0.3289   13.3000  -48.7000  -62.3000
    0.3311   13.0000  -41.0000  -52.5000
    0.3333   36.3000  -19.9000  -31.9000
    0.3356   56.7000  -13.2000  -26.5000
    0.3378   51.7000  -11.8000  -28.9000
    0.3400   20.5000   -8.4000  -32.5000
    0.3422   -4.7000   -4.9000  -22.5000
    0.3444  -14.1000   -4.9000  -12.6000
    0.3467 -121.9000   -0.2000  -14.9000
    0.3489 -173.5000    7.3000   -8.9000
    0.3511 -173.6000   75.9000    2.5000
    0.3533 -177.7000  128.5000   38.3000
    0.3556 -191.6000  139.4000   92.2000
    0.3578 -206.1000  119.5000   72.0000
    0.3600 -232.4000   88.9000   35.0000
    0.3622 -241.6000   78.8000   35.1000
    0.3644 -239.4000   50.1000   46.6000
    0.3667 -186.8000   21.2000   43.5000
    0.3689 -123.1000   15.5000   16.1000
    0.3711  -83.0000   22.8000    5.8000
    0.3733  -62.9000    9.8000    0.1000
    0.3756  -40.8000    2.7000   -2.7000
    0.3778  -30.5000   -1.3000   -3.5000
    0.3800  -34.5000    2.6000  -19.9000
    0.3822  -59.8000    2.8000  -27.2000
    0.3844  -75.2000    6.1000  -20.6000
    0.3867  -75.0000   10.0000   -2.3000
    0.3889  -70.2000   35.8000   12.1000
    0.3911  -53.2000  101.5000   22.4000
    0.3933  -37.1000  124.2000   75.2000
    0.3956  -41.5000  109.0000   84.5000
    0.3978  -63.5000   93.0000   52.9000
    0.4000  -87.5000   81.8000   43.1000
    0.4022  -85.3000   77.2000   44.3000
    0.4044  -47.2000   60.6000   52.9000
    0.4067   -8.8000   58.2000   61.1000
    0.4089   14.8000   50.6000   49.1000
    0.4111   15.0000   34.6000   35.6000
    0.4133   12.2000   24.4000   30.5000
    0.4156   13.9000   13.3000   26.2000
    0.4178   34.6000    3.6000   19.1000
    0.4200   41.4000    3.1000   11.8000
    0.4222   36.2000   -1.6000    7.9000
    0.4244   25.1000  -12.7000    2.4000
    0.4267   12.1000  -37.1000    0.7000
    0.4289    1.3000  -52.2000  -29.9000
    0.4311   -1.5000  -44.1000  -36.5000
    0.4333   -0.9000  -35.9000  -35.1000
    0.4356   -1.1000  -24.7000  -32.7000
    0.4378   -1.1000  -20.2000  -37.0000
    0.4400   -2.3000  -14.0000  -37.9000
    0.4422   -3.3000  -14.3000  -40.0000
    0.4444   -3.6000  -12.5000  -40.3000
    0.4467   -5.1000  -25.6000  -48.5000
    0.4489  -18.4000  -47.7000  -55.7000
    0.4511  -42.3000  -57.3000  -53.1000
    0.4533  -49.9000  -56.5000  -42.3000
    0.4556  -41.2000  -54.0000  -27.7000
    0.4578  -32.1000  -58.8000  -22.1000
    0.4600  -29.8000  -69.8000  -25.8000
0.461 0 0 0
0.462 0 0 0